Sum: 615.16
53.12	44.25	39.67	38.61	36.61	35.04	33.77	33.48	31.49	30.38	29.78	26.94	25.63	23.77	23.32	23.07	22.06	20.99	20.64	20.06	2.48	
53.12	44.25	39.67	38.61	36.61	35.04	33.77	33.48	31.49	30.38	29.78	26.94	25.63	23.77	23.32	23.07	22.06	20.99	20.64	18.05	2.69	1.8	
53.12	44.25	39.67	38.61	36.61	35.04	33.77	33.48	31.49	30.38	29.78	26.94	25.63	23.77	23.32	23.07	22.06	20.99	20.64	17.27	2.96	2.31	
53.12	44.25	39.67	38.61	36.61	35.04	33.77	33.48	31.49	30.38	29.78	26.94	25.63	23.77	23.32	23.07	22.06	20.99	20.64	16.43	2.96	2.82	0.33	
53.12	44.25	39.67	38.61	36.61	35.04	33.77	33.48	31.49	30.38	29.78	26.94	25.63	23.77	23.32	23.07	22.06	20.99	20.64	16.15	3.7	2.69	
53.12	44.25	39.67	38.61	36.61	35.04	33.77	33.48	31.49	30.38	29.78	26.94	25.63	23.77	23.32	23.07	22.06	20.99	20.64	16.15	3.37	2.69	0.33	
53.12	44.25	39.67	38.61	36.61	35.04	33.77	33.48	31.49	30.38	29.78	26.94	25.63	23.77	23.32	23.07	22.06	20.99	20.64	16.03	3.7	2.48	0.33	
53.12	44.25	39.67	38.61	36.61	35.04	33.77	33.48	31.49	30.38	29.78	26.94	25.63	23.77	23.32	23.07	22.06	20.99	20.64	14.58	2.96	2.69	2.31	
53.12	44.25	39.67	38.61	36.61	35.04	33.77	33.48	31.49	30.38	29.78	26.94	25.63	23.77	23.32	23.07	22.06	20.99	20.64	4.39	3.7	3.37	3.33	2.96	2.48	2.31	
53.12	44.25	39.67	38.61	36.61	35.04	33.77	33.48	31.49	30.38	29.78	26.94	25.63	23.77	23.32	23.07	22.06	20.99	20.64	4.39	3.7	3.33	3.19	2.98	2.82	1.8	0.33	
53.12	44.25	39.67	38.61	36.61	35.04	33.77	33.48	31.49	30.38	29.78	26.94	25.63	23.77	23.32	23.07	22.06	20.99	20.64	4.39	3.7	3.33	3.03	2.96	2.82	2.31	
53.12	44.25	39.67	38.61	36.61	35.04	33.77	33.48	31.49	30.38	29.78	26.94	25.63	23.77	23.32	23.07	22.06	20.99	20.64	4.39	3.37	3.33	3.19	2.96	2.82	2.48	
53.12	44.25	39.67	38.61	36.61	35.04	33.77	33.48	31.49	30.38	29.78	26.94	25.63	23.77	23.32	23.07	22.06	20.99	20.64	4.39	3.37	3.33	3.03	2.98	2.96	2.48	
53.12	44.25	39.67	38.61	36.61	35.04	33.77	33.48	31.49	30.38	29.78	26.94	25.63	23.77	23.32	23.07	22.06	20.99	20.64	4.39	3.37	3.33	3.03	2.96	2.82	2.31	0.33	
53.12	44.25	39.67	38.61	36.61	35.04	33.77	33.48	31.49	30.38	29.78	26.94	25.63	23.77	23.32	23.07	22.06	20.99	20.64	4.39	3.37	3.33	2.98	2.96	2.82	2.69	
53.12	44.25	39.67	38.61	36.61	35.04	33.77	33.48	31.49	30.38	29.78	26.94	25.63	23.77	23.32	23.07	22.06	20.99	20.64	3.37	3.33	3.19	3.03	2.82	2.69	2.31	1.8	
53.12	44.25	39.67	38.61	36.61	35.04	33.77	33.48	31.49	30.38	29.78	26.94	25.63	23.77	23.32	23.07	22.06	20.99	20.5	19.49	3.19	
53.12	44.25	39.67	38.61	36.61	35.04	33.77	33.48	31.49	30.38	29.78	26.94	25.63	23.77	23.32	23.07	22.06	20.99	20.5	15.25	2.82	2.48	1.8	0.33	
53.12	44.25	39.67	38.61	36.61	35.04	33.77	33.48	31.49	30.38	29.78	26.94	25.63	23.77	23.32	23.07	22.06	20.99	20.5	14.58	2.98	2.48	2.31	0.33	
53.12	44.25	39.67	38.61	36.61	35.04	33.77	33.48	31.49	30.38	29.78	26.94	25.63	23.77	23.32	23.07	22.06	20.99	20.5	13.46	4.39	3.03	1.8	
Search Done


Sum: 377.95
53.12	44.25	39.67	38.61	36.61	35.04	33.77	33.48	31.49	29.78	1.8	0.33	
53.12	44.25	39.67	38.61	36.61	35.04	33.77	33.48	31.49	26.94	3.03	0.11	1.83	
53.12	44.25	39.67	38.61	36.61	35.04	33.77	33.48	31.49	26.94	2.69	0.33	0.11	1.84	
53.12	44.25	39.67	38.61	36.61	35.04	33.77	33.48	31.49	26.94	2.31	1.8	0.33	0.53	
53.12	44.25	39.67	38.61	36.61	35.04	33.77	33.48	31.49	25.63	3.33	2.31	0.11	0.53	
53.12	44.25	39.67	38.61	36.61	35.04	33.77	33.48	31.49	25.63	3.19	2.98	0.11	
53.12	44.25	39.67	38.61	36.61	35.04	33.77	33.48	31.49	25.63	2.48	0.11	3.69	
53.12	44.25	39.67	38.61	36.61	35.04	33.77	33.48	31.49	25.63	2.31	1.8	0.33	1.84	
53.12	44.25	39.67	38.61	36.61	35.04	33.77	33.48	31.49	25.63	1.8	0.33	3.51	0.11	0.53	
53.12	44.25	39.67	38.61	36.61	35.04	33.77	33.48	31.49	25.63	1.8	0.33	4.04	0.11	
53.12	44.25	39.67	38.61	36.61	35.04	33.77	33.48	31.49	23.77	4.39	1.8	0.11	1.84	
53.12	44.25	39.67	38.61	36.61	35.04	33.77	33.48	31.49	23.77	4.39	0.33	2.89	0.53	
53.12	44.25	39.67	38.61	36.61	35.04	33.77	33.48	31.49	23.77	3.7	2.31	1.8	0.33	
53.12	44.25	39.67	38.61	36.61	35.04	33.77	33.48	31.49	23.77	3.37	2.82	0.11	1.84	
53.12	44.25	39.67	38.61	36.61	35.04	33.77	33.48	31.49	23.77	3.33	2.98	1.83	
53.12	44.25	39.67	38.61	36.61	35.04	33.77	33.48	31.49	23.77	3.33	2.48	1.8	0.53	
53.12	44.25	39.67	38.61	36.61	35.04	33.77	33.48	31.49	23.77	3.19	2.82	1.8	0.33	
53.12	44.25	39.67	38.61	36.61	35.04	33.77	33.48	31.49	23.77	3.19	2.48	0.11	0.53	1.83	
53.12	44.25	39.67	38.61	36.61	35.04	33.77	33.48	31.49	23.77	3.03	2.98	1.8	0.33	
53.12	44.25	39.67	38.61	36.61	35.04	33.77	33.48	31.49	23.77	3.03	2.69	2.31	0.11	
Search Done


